   1.0979716e-03	   4.8888760e+04	   6.8650945e+02	
   1.1277321e-03	   4.9893775e+04	   6.9352989e+02	
   1.1564612e-03	   5.0664874e+04	   6.9886854e+02	
   1.1830843e-03	   5.1123502e+04	   7.0202455e+02	
   1.2137629e-03	   5.1835875e+04	   7.0689876e+02	
   1.2458010e-03	   5.1683139e+04	   7.0585655e+02	
   1.2761413e-03	   5.1963626e+04	   7.0776931e+02	
   1.3046536e-03	   5.2505772e+04	   7.1145188e+02	
   1.3315366e-03	   5.1027576e+04	   7.0136562e+02	
   1.3623287e-03	   5.1200402e+04	   7.0255235e+02	
   1.3945226e-03	   5.1118380e+04	   7.0198939e+02	
   1.4245164e-03	   4.9893723e+04	   6.9352953e+02	
   1.4528568e-03	   4.9389154e+04	   6.9001384e+02	
   1.4797397e-03	   4.8964140e+04	   6.8703849e+02	
   1.5108192e-03	   4.9157677e+04	   6.8839496e+02	
   1.5431627e-03	   4.7804605e+04	   6.7885477e+02	
   1.5728669e-03	   4.6049170e+04	   6.6627406e+02	
   1.6010685e-03	   4.6254630e+04	   6.6775879e+02	
   1.6295058e-03	   4.5746757e+04	   6.6408269e+02	
   1.6602519e-03	   4.5798601e+04	   6.6445888e+02	
   1.6917416e-03	   4.4905446e+04	   6.5794791e+02	
   1.7211991e-03	   4.4501322e+04	   6.5498064e+02	
   1.7492861e-03	   4.4228334e+04	   6.5296860e+02	
   1.7788218e-03	   4.3423442e+04	   6.4699977e+02	
   1.8101037e-03	   4.2616879e+04	   6.4096280e+02	
   1.8408886e-03	   4.2513827e+04	   6.4018737e+02	
   1.8695174e-03	   4.1274361e+04	   6.3078620e+02	
   1.8970383e-03	   4.1304336e+04	   6.3101521e+02	
   1.9273654e-03	   4.1504397e+04	   6.3254155e+02	
   1.9588000e-03	   4.0127451e+04	   6.2196048e+02	
   1.9893323e-03	   3.9380875e+04	   6.1614749e+02	
   2.0178249e-03	   3.8926849e+04	   6.1258538e+02	
   2.0452831e-03	   3.9299555e+04	   6.1551101e+02	
   2.0763169e-03	   3.7922105e+04	   6.0462796e+02	
   2.1082608e-03	   3.7283468e+04	   5.9951514e+02	
   2.1377495e-03	   3.5871833e+04	   5.8805614e+02	
   2.1661243e-03	   3.5524237e+04	   5.8520009e+02	
   2.1935285e-03	   3.6215320e+04	   5.9086487e+02	
   2.2247243e-03	   3.5334594e+04	   5.8363598e+02	
   2.2568144e-03	   3.4640407e+04	   5.7787445e+02	
   2.2861457e-03	   3.4000956e+04	   5.7251592e+02	
   2.3144165e-03	   3.3781263e+04	   5.7066331e+02	
   2.3433554e-03	   3.3091950e+04	   5.6481105e+02	
   2.3742365e-03	   3.1894429e+04	   5.5449728e+02	
   2.4053343e-03	   3.1836152e+04	   5.5399047e+02	
   2.4345238e-03	   3.1446825e+04	   5.5059265e+02	
   2.4627028e-03	   3.0300480e+04	   5.4046399e+02	
   2.4923692e-03	   2.9691853e+04	   5.3500847e+02	
   2.5231331e-03	   2.9293237e+04	   5.3140506e+02	
   2.5538241e-03	   2.9112293e+04	   5.2976128e+02	
   2.5828881e-03	   2.7659532e+04	   5.1637406e+02	
   2.6109850e-03	   2.7671203e+04	   5.1648299e+02	
   2.6412406e-03	   2.7116289e+04	   5.1127803e+02	
   2.6721775e-03	   2.6367565e+04	   5.0417002e+02	
   2.7022909e-03	   2.5858214e+04	   4.9927666e+02	
   2.7312394e-03	   2.5338283e+04	   4.9423170e+02	
   2.7592632e-03	   2.4853802e+04	   4.8948391e+02	
   2.7896666e-03	   2.4372863e+04	   4.8472484e+02	
   2.8207696e-03	   2.3384782e+04	   4.7479777e+02	
   2.8507360e-03	   2.2979616e+04	   4.7066660e+02	
   2.8798776e-03	   2.2289330e+04	   4.6354352e+02	
   2.9075372e-03	   2.1775194e+04	   4.5816617e+02	
   2.9380678e-03	   2.0990032e+04	   4.4983015e+02	
   2.9693306e-03	   2.1001089e+04	   4.4994861e+02	
   2.9991632e-03	   2.0536444e+04	   4.4494325e+02	
   3.0281874e-03	   1.9598989e+04	   4.3466917e+02	
   3.0572931e-03	   1.9445857e+04	   4.3296776e+02	
   3.0879783e-03	   1.8914291e+04	   4.2700901e+02	
   3.1182191e-03	   1.8479284e+04	   4.2207008e+02	
   3.1475744e-03	   1.7764194e+04	   4.1382313e+02	
   3.1764912e-03	   1.7602000e+04	   4.1192961e+02	
   3.2061187e-03	   1.6933181e+04	   4.0402784e+02	
   3.2369115e-03	   1.6365849e+04	   3.9720186e+02	
   3.2667127e-03	   1.5913311e+04	   3.9167178e+02	
   3.2958784e-03	   1.5607084e+04	   3.8788491e+02	
   3.3247895e-03	   1.5201720e+04	   3.8281450e+02	
   3.3548607e-03	   1.4670885e+04	   3.7607127e+02	
   3.3858109e-03	   1.4130844e+04	   3.6908471e+02	
   3.4154849e-03	   1.3670046e+04	   3.6301702e+02	
   3.4445745e-03	   1.3249176e+04	   3.5738510e+02	
   3.4730828e-03	   1.2734533e+04	   3.5037532e+02	
   3.5035252e-03	   1.2320906e+04	   3.4463814e+02	
   3.5343587e-03	   1.2043538e+04	   3.4073680e+02	
   3.5639298e-03	   1.1640741e+04	   3.3499037e+02	
   3.5929303e-03	   1.1127192e+04	   3.2751772e+02	
   3.6220110e-03	   1.1064531e+04	   3.2659424e+02	
   3.6526714e-03	   1.0414911e+04	   3.1686172e+02	
   3.6831850e-03	   1.0074322e+04	   3.1163765e+02	
   3.7123610e-03	   9.7688083e+03	   3.0687591e+02	
   3.7412767e-03	   9.4869703e+03	   3.0241670e+02	
   3.7711053e-03	   8.9719069e+03	   2.9409279e+02	
   3.8017984e-03	   8.8404809e+03	   2.9193082e+02	
   3.8316813e-03	   8.3562709e+03	   2.8382344e+02	
   3.8607770e-03	   8.1882048e+03	   2.8095473e+02	
   3.8896163e-03	   7.6679818e+03	   2.7188331e+02	
   3.9198236e-03	   7.3971078e+03	   2.6703795e+02	
   3.9506368e-03	   7.1160017e+03	   2.6191479e+02	
   3.9804117e-03	   6.9612009e+03	   2.5905029e+02	
   4.0094513e-03	   6.7093136e+03	   2.5432031e+02	
   4.0379488e-03	   6.3859242e+03	   2.4811549e+02	
   4.0684589e-03	   6.1580149e+03	   2.4364773e+02	
   4.0996782e-03	   5.7705023e+03	   2.3585702e+02	
   4.1291392e-03	   5.6728016e+03	   2.3385185e+02	
   4.1578333e-03	   5.2281559e+03	   2.2449996e+02	
   4.1862749e-03	   4.9709514e+03	   2.1890807e+02	
   4.2170831e-03	   4.8417272e+03	   2.1604398e+02	
   4.2482694e-03	   4.5903577e+03	   2.1036102e+02	
   4.2775725e-03	   4.4491212e+03	   2.0709954e+02	
   4.3062074e-03	   4.2839600e+03	   2.0321919e+02	
   4.3353881e-03	   4.0544730e+03	   1.9770116e+02	
   4.3661054e-03	   3.8141354e+03	   1.9175207e+02	
   4.3967622e-03	   3.6324635e+03	   1.8712966e+02	
   4.4259955e-03	   3.4504817e+03	   1.8238196e+02	
   4.4545704e-03	   3.3237441e+03	   1.7900114e+02	
   4.4843685e-03	   3.1695589e+03	   1.7480000e+02	
   4.5153392e-03	   2.9408091e+03	   1.6837415e+02	
   4.5454907e-03	   2.7134106e+03	   1.6173342e+02	
   4.5744064e-03	   2.6096839e+03	   1.5861197e+02	
   4.6029282e-03	   2.5005337e+03	   1.5525956e+02	
   4.6332586e-03	   2.4044087e+03	   1.5224609e+02	
   4.6643415e-03	   2.1846621e+03	   1.4512230e+02	
   4.6939808e-03	   2.1207368e+03	   1.4298333e+02	
   4.7228090e-03	   1.9176443e+03	   1.3596466e+02	
   4.7512786e-03	   1.8095781e+03	   1.3207806e+02	
   4.7816811e-03	   1.6978812e+03	   1.2793685e+02	
   4.8128613e-03	   1.5996077e+03	   1.2417917e+02	
   4.8424220e-03	   1.5460501e+03	   1.2208261e+02	
   4.8712008e-03	   1.4531538e+03	   1.1835805e+02	
   4.8996229e-03	   1.3251381e+03	   1.1302450e+02	
   4.9302825e-03	   1.1909215e+03	   1.0714788e+02	
   4.9615884e-03	   1.1094165e+03	   1.0341638e+02	
   4.9908520e-03	   1.0556108e+03	   1.0087741e+02	
   5.0194412e-03	   1.0033668e+03	   9.8349432e+01	
   5.0490666e-03	   8.9418533e+02	   9.2844413e+01	
   5.0797877e-03	   8.7122392e+02	   9.1644604e+01	
   5.1102946e-03	   7.9115302e+02	   8.7331767e+01	
   5.1392717e-03	   7.5985377e+02	   8.5586845e+01	
   5.1678186e-03	   6.8752510e+02	   8.1411599e+01	
   5.1977499e-03	   6.9088612e+02	   8.1610350e+01	
   5.2285288e-03	   5.8600741e+02	   7.5161174e+01	
   5.2589490e-03	   5.3449827e+02	   7.1781934e+01	
   5.2878922e-03	   4.7811320e+02	   6.7890244e+01	
   5.3161895e-03	   4.3103974e+02	   6.4461538e+01	
   5.3465753e-03	   4.1234536e+02	   6.3048181e+01	
   5.3774524e-03	   3.9335909e+02	   6.1579563e+01	
   5.4074028e-03	   3.5057219e+02	   5.8134071e+01	
   5.4362863e-03	   3.1832744e+02	   5.5396081e+01	
   5.4645892e-03	   3.3032865e+02	   5.6430660e+01	
   5.4949955e-03	   2.8812161e+02	   5.2702342e+01	
   5.5259690e-03	   2.8323307e+02	   5.2253332e+01	
   5.5558491e-03	   2.5015371e+02	   4.9107235e+01	
   5.5848695e-03	   2.1048499e+02	   4.5045621e+01	
   5.6131189e-03	   2.1419925e+02	   4.5441324e+01	
   5.6434930e-03	   1.9090828e+02	   4.2899714e+01	
   5.6748320e-03	   1.9398579e+02	   4.3244111e+01	
   5.7044765e-03	   1.7651171e+02	   4.1250457e+01	
   5.7332455e-03	   1.7097558e+02	   4.0598412e+01	
   5.7626315e-03	   1.8142979e+02	   4.1821182e+01	
   5.7930448e-03	   1.6919284e+02	   4.0386200e+01	
   5.8235056e-03	   1.7219588e+02	   4.0743036e+01	
   5.8528972e-03	   1.5947481e+02	   3.9209207e+01	
   5.8816164e-03	   1.6564717e+02	   3.9960786e+01	
   5.8963792e-03	   1.7335686e+02	   1.3166505e+01	
   5.9487750e-03	   1.6021732e+02	   1.2657698e+01	
   6.0010203e-03	   1.8031398e+02	   1.3428104e+01	
   6.0532349e-03	   1.9100655e+02	   1.3820512e+01	
   6.1068083e-03	   2.0782492e+02	   1.4416134e+01	
   6.1596683e-03	   2.2127116e+02	   1.4875186e+01	
   6.2129311e-03	   2.4273274e+02	   1.5579883e+01	
   6.2667667e-03	   2.5369151e+02	   1.5927696e+01	
   6.3200630e-03	   2.7276938e+02	   1.6515731e+01	
   6.3734474e-03	   2.9638864e+02	   1.7215941e+01	
   6.4268052e-03	   3.0878952e+02	   1.7572408e+01	
   6.4799278e-03	   3.3713531e+02	   1.8361245e+01	
   6.5324414e-03	   3.5385831e+02	   1.8811122e+01	
   6.5835961e-03	   3.6694824e+02	   1.9155893e+01	
   6.6360207e-03	   3.9163974e+02	   1.9789890e+01	
   6.6901348e-03	   4.0322125e+02	   2.0080370e+01	
   6.7439848e-03	   4.1748761e+02	   2.0432514e+01	
   6.7975125e-03	   4.5234375e+02	   2.1268374e+01	
   6.8509053e-03	   4.4598242e+02	   2.1118296e+01	
   6.9043892e-03	   4.6364258e+02	   2.1532361e+01	
   6.9578663e-03	   4.7992950e+02	   2.1907293e+01	
   7.0110871e-03	   4.8303818e+02	   2.1978130e+01	
   7.0642657e-03	   5.0011536e+02	   2.2363259e+01	
   7.1177403e-03	   5.0227408e+02	   2.2411472e+01	
   7.1712467e-03	   5.1319843e+02	   2.2653883e+01	
   7.2245412e-03	   5.1775043e+02	   2.2754130e+01	
   7.2778761e-03	   5.2110492e+02	   2.2827723e+01	
   7.3313047e-03	   5.2393066e+02	   2.2889532e+01	
   7.3847282e-03	   5.1526984e+02	   2.2699556e+01	
   7.4380864e-03	   5.1745178e+02	   2.2747567e+01	
   7.4912417e-03	   5.2092279e+02	   2.2823733e+01	
   7.5445748e-03	   5.1484338e+02	   2.2690161e+01	
   7.5977999e-03	   5.0856573e+02	   2.2551402e+01	
   7.6509323e-03	   5.0017734e+02	   2.2364645e+01	
   7.7038170e-03	   4.9120367e+02	   2.2163115e+01	
   7.7566346e-03	   4.8400247e+02	   2.2000056e+01	
   7.8087794e-03	   4.7217386e+02	   2.1729562e+01	
   7.8612920e-03	   4.5657071e+02	   2.1367515e+01	
   7.9149343e-03	   4.4718884e+02	   2.1146840e+01	
   7.9684453e-03	   4.3079126e+02	   2.0755512e+01	
   8.0217961e-03	   4.2043536e+02	   2.0504521e+01	
   8.0754003e-03	   4.1136331e+02	   2.0282093e+01	
   8.1289215e-03	   3.9109262e+02	   1.9776062e+01	
   8.1822146e-03	   3.7959647e+02	   1.9483236e+01	
   8.2356008e-03	   3.6560800e+02	   1.9120879e+01	
   8.2890401e-03	   3.5105896e+02	   1.8736567e+01	
   8.3424319e-03	   3.3579657e+02	   1.8324753e+01	
   8.3960630e-03	   3.2190366e+02	   1.7941674e+01	
   8.4494278e-03	   3.0753461e+02	   1.7536665e+01	
   8.5027069e-03	   2.8861469e+02	   1.6988663e+01	
   8.5561611e-03	   2.7634958e+02	   1.6623765e+01	
   8.6096153e-03	   2.5926297e+02	   1.6101645e+01	
   8.6627901e-03	   2.4247644e+02	   1.5571655e+01	
   8.7158382e-03	   2.2817401e+02	   1.5105430e+01	
   8.7690298e-03	   2.1590788e+02	   1.4693804e+01	
   8.8222120e-03	   2.0319221e+02	   1.4254551e+01	
   8.8751893e-03	   1.8916107e+02	   1.3753584e+01	
   8.9281751e-03	   1.7476617e+02	   1.3219916e+01	
   8.9810034e-03	   1.6083456e+02	   1.2682057e+01	
   9.0333614e-03	   1.5340900e+02	   1.2385839e+01	
   9.0860305e-03	   1.4066878e+02	   1.1860387e+01	
   9.1395695e-03	   1.3211293e+02	   1.1494039e+01	
   9.1932425e-03	   1.2276101e+02	   1.1079757e+01	
   9.2467135e-03	   1.1241750e+02	   1.0602712e+01	
   9.3001435e-03	   1.0640762e+02	   1.0315407e+01	
   9.3536749e-03	   9.6786087e+01	   9.8379920e+00	
   9.4072130e-03	   8.7569809e+01	   9.3578742e+00	
   9.4606513e-03	   8.3828323e+01	   9.1557809e+00	
   9.5139295e-03	   7.6462425e+01	   8.7442796e+00	
   9.5672058e-03	   7.0813225e+01	   8.4150594e+00	
   9.6207103e-03	   6.6587860e+01	   8.1601385e+00	
   9.6741207e-03	   6.2156864e+01	   7.8839625e+00	
   9.7272573e-03	   5.8660534e+01	   7.6590165e+00	
   9.7805932e-03	   5.4240143e+01	   7.3647908e+00	
   9.8338015e-03	   5.3638882e+01	   7.3238570e+00	
   9.8870359e-03	   5.0655895e+01	   7.1172955e+00	
   9.9404668e-03	   4.8243546e+01	   6.9457574e+00	
   9.9936016e-03	   4.5737396e+01	   6.7629429e+00	
   1.0046770e-02	   4.6184841e+01	   6.7959430e+00	
   1.0099954e-02	   4.4708542e+01	   6.6864446e+00	
   1.0152902e-02	   4.5233318e+01	   6.7255720e+00	
   1.0205844e-02	   4.4760498e+01	   6.6903287e+00	
   1.0258355e-02	   4.5735153e+01	   6.7627770e+00	
   1.0311135e-02	   4.5663120e+01	   6.7574492e+00	
   1.0364593e-02	   4.7023754e+01	   6.8573868e+00	
   1.0418222e-02	   4.8154030e+01	   6.9393105e+00	
   1.0471555e-02	   4.8553844e+01	   6.9680589e+00	
   1.0524932e-02	   5.0252308e+01	   7.0888862e+00	
   1.0578373e-02	   5.3411999e+01	   7.3083513e+00	
   1.0631627e-02	   5.3573132e+01	   7.3193669e+00	
   1.0685106e-02	   5.4613037e+01	   7.3900634e+00	
   1.0738421e-02	   5.6752041e+01	   7.5333950e+00	
   1.0791752e-02	   5.8408165e+01	   7.6425235e+00	
   1.0845223e-02	   5.8400742e+01	   7.6420378e+00	
   1.0898544e-02	   6.1165310e+01	   7.8208254e+00	
   1.0951816e-02	   6.3026749e+01	   7.9389388e+00	
   1.1005371e-02	   6.5400635e+01	   8.0870659e+00	
   1.1058696e-02	   6.4991241e+01	   8.0617145e+00	
   1.1111736e-02	   6.6970581e+01	   8.1835555e+00	
   1.1165039e-02	   6.8545845e+01	   8.2792418e+00	
   1.1218493e-02	   6.8763420e+01	   8.2923712e+00	
   1.1271716e-02	   7.1198738e+01	   8.4379345e+00	
   1.1324648e-02	   7.0643387e+01	   8.4049620e+00	
   1.1377503e-02	   7.1375244e+01	   8.4483871e+00	
   1.1430443e-02	   7.0670952e+01	   8.4066017e+00	
   1.1482969e-02	   7.1297722e+01	   8.4437978e+00	
   1.1535754e-02	   7.2429970e+01	   8.5105799e+00	
   1.1589081e-02	   7.2178146e+01	   8.4957723e+00	
   1.1642511e-02	   7.1999657e+01	   8.4852611e+00	
   1.1695996e-02	   7.2830444e+01	   8.5340755e+00	
   1.1749585e-02	   7.1214828e+01	   8.4388879e+00	
   1.1803048e-02	   7.1230476e+01	   8.4398149e+00	
   1.1856432e-02	   7.1166840e+01	   8.4360441e+00	
   1.1909848e-02	   7.1631241e+01	   8.4635241e+00	
   1.1963201e-02	   7.0246918e+01	   8.3813434e+00	
   1.2016555e-02	   6.7732224e+01	   8.2299589e+00	
   1.2069979e-02	   6.6409286e+01	   8.1491893e+00	
   1.2123390e-02	   6.4144402e+01	   8.0090200e+00	
   1.2176804e-02	   6.5863091e+01	   8.1156078e+00	
   1.2230068e-02	   6.1813660e+01	   7.8621663e+00	
   1.2283240e-02	   6.1662766e+01	   7.8525643e+00	
   1.2336496e-02	   6.1002144e+01	   7.8103869e+00	
   1.2389684e-02	   5.9055023e+01	   7.6847266e+00	
   1.2442765e-02	   5.6026764e+01	   7.4851028e+00	
   1.2495995e-02	   5.5458843e+01	   7.4470694e+00	
   1.2549181e-02	   5.2007027e+01	   7.2115897e+00	
   1.2602251e-02	   5.1562153e+01	   7.1806791e+00	
   1.2654966e-02	   5.0389671e+01	   7.0985683e+00	
   1.2707392e-02	   4.8865356e+01	   6.9903760e+00	
   1.2760396e-02	   4.7742142e+01	   6.9095689e+00	
   1.2813831e-02	   4.5863850e+01	   6.7722854e+00	
   1.2867435e-02	   4.2544342e+01	   6.5226024e+00	
   1.2920907e-02	   4.1153908e+01	   6.4151312e+00	
   1.2974225e-02	   4.0143536e+01	   6.3358926e+00	
   1.3027790e-02	   3.7624897e+01	   6.1339137e+00	
   1.3081109e-02	   3.5921989e+01	   5.9934956e+00	
   1.3134411e-02	   3.3364391e+01	   5.7761918e+00	
   1.3187857e-02	   3.2754089e+01	   5.7231188e+00	
   1.3241246e-02	   3.1146767e+01	   5.5809288e+00	
   1.3294545e-02	   3.0054499e+01	   5.4821983e+00	
   1.3347882e-02	   2.8066181e+01	   5.2977525e+00	
   1.3401111e-02	   2.7592447e+01	   5.2528513e+00	
   1.3454329e-02	   2.7544289e+01	   5.2482653e+00	
   1.3507851e-02	   2.5562752e+01	   5.0559620e+00	
   1.3561162e-02	   2.5106749e+01	   5.0106635e+00	
   1.3614232e-02	   2.2925682e+01	   4.7880771e+00	
   1.3667512e-02	   2.2892036e+01	   4.7845623e+00	
   1.3720636e-02	   2.3022865e+01	   4.7982148e+00	
   1.3773723e-02	   2.2720282e+01	   4.7665797e+00	
   1.3826935e-02	   2.0334661e+01	   4.5093970e+00	
   1.3879784e-02	   2.0297354e+01	   4.5052585e+00	
   1.3932418e-02	   1.8958906e+01	   4.3541826e+00	
   1.3985342e-02	   1.9278921e+01	   4.3907768e+00	
   1.4038702e-02	   1.9039366e+01	   4.3634122e+00	
   1.4092101e-02	   1.8253103e+01	   4.2723651e+00	
   1.4145521e-02	   1.8763428e+01	   4.3316772e+00	
   1.4198848e-02	   1.8482174e+01	   4.2990899e+00	
   1.4252331e-02	   1.9053019e+01	   4.3649764e+00	
   1.4305868e-02	   1.8373228e+01	   4.2864004e+00	
   1.4359182e-02	   1.8264799e+01	   4.2737336e+00	
   1.4412486e-02	   1.7358486e+01	   4.1663517e+00	
   1.4465823e-02	   1.7679260e+01	   4.2046712e+00	
   1.4519180e-02	   1.8031740e+01	   4.2463797e+00	
   1.4572606e-02	   1.8042454e+01	   4.2476410e+00	
   1.4625804e-02	   1.8192039e+01	   4.2652127e+00	
   1.4679069e-02	   1.7463314e+01	   4.1789130e+00	
   1.4732547e-02	   1.8693382e+01	   4.3235844e+00	
   1.4785793e-02	   1.8254873e+01	   4.2725722e+00	
   1.4839002e-02	   1.7723227e+01	   4.2098963e+00	
   1.4892239e-02	   1.7968533e+01	   4.2389306e+00	
   1.4945332e-02	   1.8777243e+01	   4.3332716e+00	
   1.4998544e-02	   1.8939627e+01	   4.3519681e+00	
   1.5051555e-02	   1.8599550e+01	   4.3127196e+00	
   1.5104370e-02	   1.8578686e+01	   4.3103000e+00	
   1.5157007e-02	   1.9271528e+01	   4.3899349e+00	
   1.5209852e-02	   2.0414890e+01	   4.5182840e+00	
   1.5263253e-02	   1.9384033e+01	   4.4027302e+00	
   1.5316813e-02	   1.9754648e+01	   4.4446201e+00	
   1.5370189e-02	   2.0191994e+01	   4.4935502e+00	
   1.5423611e-02	   2.0606133e+01	   4.5393978e+00	
   1.5477031e-02	   2.0071354e+01	   4.4801065e+00	
   1.5530400e-02	   2.0073933e+01	   4.4803943e+00	
   1.5583798e-02	   2.0475687e+01	   4.5250069e+00	
   1.5637152e-02	   2.0076500e+01	   4.4806807e+00	
   1.5690576e-02	   2.0827944e+01	   4.5637642e+00	
   1.5743937e-02	   1.9872042e+01	   4.4578068e+00	
   1.5797244e-02	   1.9796997e+01	   4.4493817e+00	
   1.5850574e-02	   2.0325884e+01	   4.5084237e+00	
   1.5903916e-02	   1.9615095e+01	   4.4288932e+00	
   1.5957201e-02	   1.9860315e+01	   4.4564914e+00	
   1.6010353e-02	   1.9127537e+01	   4.3735039e+00	
   1.6063536e-02	   1.9148142e+01	   4.3758590e+00	
   1.6116852e-02	   1.9517851e+01	   4.4179012e+00	
   1.6170012e-02	   1.8951384e+01	   4.3533187e+00	
   1.6223010e-02	   1.8557190e+01	   4.3078057e+00	
   1.6276114e-02	   1.7893650e+01	   4.2300887e+00	
   1.6329005e-02	   1.7095665e+01	   4.1346904e+00	
   1.6381608e-02	   1.8057446e+01	   4.2494053e+00	
   1.6434642e-02	   1.6936140e+01	   4.1153542e+00	
   1.6488111e-02	   1.7039995e+01	   4.1279529e+00	
   1.6541498e-02	   1.7270647e+01	   4.1557968e+00	
   1.6594948e-02	   1.6175480e+01	   4.0218752e+00	
   1.6648458e-02	   1.6028687e+01	   4.0035842e+00	
   1.6701842e-02	   1.5768570e+01	   3.9709659e+00	
   1.6755246e-02	   1.4586477e+01	   3.8192247e+00	
   1.6808640e-02	   1.4570428e+01	   3.8171230e+00	
   1.6861854e-02	   1.3949484e+01	   3.7349008e+00	
   1.6915165e-02	   1.3790440e+01	   3.7135481e+00	
   1.6968476e-02	   1.3612138e+01	   3.6894631e+00	
   1.7021831e-02	   1.3846934e+01	   3.7211469e+00	
   1.7075131e-02	   1.3673099e+01	   3.6977153e+00	
   1.7128469e-02	   1.2555332e+01	   3.5433504e+00	
   1.7181765e-02	   1.2155265e+01	   3.4864401e+00	
   1.7234940e-02	   1.2050782e+01	   3.4714237e+00	
   1.7288208e-02	   1.2211819e+01	   3.4945413e+00	
   1.7341414e-02	   1.1505136e+01	   3.3919221e+00	
   1.7394653e-02	   1.1536943e+01	   3.3966076e+00	
   1.7447852e-02	   1.1049492e+01	   3.3240776e+00	
   1.7500859e-02	   1.0970802e+01	   3.3122201e+00	
   1.7553816e-02	   1.0605774e+01	   3.2566507e+00	
   1.7606493e-02	   9.9641123e+00	   3.1565982e+00	
   1.7659444e-02	   9.4850521e+00	   3.0797812e+00	
   1.7712759e-02	   9.5178690e+00	   3.0851044e+00	
   1.7766174e-02	   9.5396605e+00	   3.0886341e+00	
   1.7819611e-02	   9.2398539e+00	   3.0397128e+00	
   1.7873021e-02	   9.1304789e+00	   3.0216682e+00	
   1.7926447e-02	   9.1244326e+00	   3.0206676e+00	
   1.7979888e-02	   8.7387495e+00	   2.9561376e+00	
   1.8033158e-02	   8.6510258e+00	   2.9412626e+00	
   1.8086405e-02	   8.6818886e+00	   2.9465045e+00	
   1.8139798e-02	   8.4989958e+00	   2.9153037e+00	
   1.8193146e-02	   8.3619032e+00	   2.8916956e+00	
   1.8246511e-02	   7.9584994e+00	   2.8210813e+00	
   1.8299833e-02	   8.6097660e+00	   2.9342403e+00	
   1.8353095e-02	   8.2159281e+00	   2.8663440e+00	
   1.8406466e-02	   8.2039461e+00	   2.8642532e+00	
   1.8459737e-02	   8.2843094e+00	   2.8782476e+00	
   1.8512970e-02	   7.8765249e+00	   2.8065147e+00	
   1.8566228e-02	   8.0185843e+00	   2.8317105e+00	
   1.8619316e-02	   8.5997219e+00	   2.9325282e+00	
   1.8672416e-02	   8.1827421e+00	   2.8605493e+00	
   1.8725457e-02	   8.4160690e+00	   2.9010462e+00	
   1.8778326e-02	   8.0668383e+00	   2.8402180e+00	
   1.8830994e-02	   8.2649784e+00	   2.8748875e+00	
   1.8884055e-02	   8.2912893e+00	   2.8794599e+00	
   1.8937493e-02	   7.6112823e+00	   2.7588553e+00	
   1.8990817e-02	   8.2107067e+00	   2.8654331e+00	
   1.9044194e-02	   8.4370260e+00	   2.9046559e+00	
   1.9097568e-02	   8.5350437e+00	   2.9214797e+00	
   1.9150989e-02	   8.2498503e+00	   2.8722553e+00	
   1.9204468e-02	   8.4976521e+00	   2.9150733e+00	
   1.9257799e-02	   8.1375809e+00	   2.8526445e+00	
   1.9311126e-02	   8.3977022e+00	   2.8978789e+00	
   1.9364584e-02	   8.1929312e+00	   2.8623297e+00	
   1.9418063e-02	   8.0291004e+00	   2.8335667e+00	
   1.9471347e-02	   8.2318983e+00	   2.8691285e+00	
   1.9524513e-02	   7.8206635e+00	   2.7965449e+00	
   1.9577755e-02	   8.1028585e+00	   2.8465520e+00	
   1.9631116e-02	   7.7831120e+00	   2.7898229e+00	
   1.9684343e-02	   7.7120576e+00	   2.7770592e+00	
   1.9737476e-02	   7.8617816e+00	   2.8038869e+00	
   1.9790636e-02	   7.6085415e+00	   2.7583585e+00	
   1.9843914e-02	   7.9235525e+00	   2.8148806e+00	
   1.9897033e-02	   7.8120885e+00	   2.7950114e+00	
   1.9950086e-02	   7.4967313e+00	   2.7380159e+00	
   2.0003039e-02	   7.6130729e+00	   2.7591797e+00	
   2.0055715e-02	   7.5747657e+00	   2.7522292e+00	
   2.0108717e-02	   7.8929420e+00	   2.8094380e+00	
   2.0162184e-02	   7.2338324e+00	   2.6895785e+00	
   2.0215660e-02	   7.5110412e+00	   2.7406279e+00	
   2.0269111e-02	   7.3638072e+00	   2.7136336e+00	
   2.0322466e-02	   6.8350658e+00	   2.6143959e+00	
   2.0375837e-02	   7.0948033e+00	   2.6636072e+00	
   2.0429181e-02	   7.2334018e+00	   2.6894984e+00	
   2.0482518e-02	   6.5577765e+00	   2.5608156e+00	
   2.0535830e-02	   6.5863461e+00	   2.5663878e+00	
   2.0589171e-02	   6.9518113e+00	   2.6366288e+00	
   2.0642456e-02	   6.4200492e+00	   2.5337816e+00	
   2.0695798e-02	   6.6327691e+00	   2.5754163e+00	
   2.0749129e-02	   6.2851667e+00	   2.5070235e+00	
   2.0802388e-02	   6.3147235e+00	   2.5129114e+00	
   2.0855680e-02	   6.3115735e+00	   2.5122845e+00	
   2.0908905e-02	   6.1314387e+00	   2.4761742e+00	
   2.0962054e-02	   6.2416635e+00	   2.4983321e+00	
   2.1015387e-02	   5.9807320e+00	   2.4455535e+00	
   2.1068646e-02	   5.8532333e+00	   2.4193456e+00	
   2.1121643e-02	   6.2061968e+00	   2.4912240e+00	
   2.1174723e-02	   5.9233456e+00	   2.4337924e+00	
   2.1227892e-02	   5.8638864e+00	   2.4215463e+00	
   2.1280566e-02	   5.4793100e+00	   2.3407926e+00	
   2.1333465e-02	   5.4876785e+00	   2.3425795e+00	
   2.1386888e-02	   5.6362119e+00	   2.3740707e+00	
   2.1440292e-02	   5.3781943e+00	   2.3190934e+00	
   2.1493711e-02	   5.6008906e+00	   2.3666201e+00	
   2.1547111e-02	   5.0756807e+00	   2.2529271e+00	
   2.1600371e-02	   5.0973916e+00	   2.2577404e+00	
   2.1653673e-02	   4.9694767e+00	   2.2292323e+00	
   2.1707123e-02	   5.0877223e+00	   2.2555980e+00	
   2.1760562e-02	   4.7801018e+00	   2.1863444e+00	
   2.1813920e-02	   5.2347178e+00	   2.2879506e+00	
   2.1867206e-02	   4.8066926e+00	   2.1924171e+00	
   2.1920480e-02	   4.6710949e+00	   2.1612716e+00	
   2.1973763e-02	   4.6705818e+00	   2.1611529e+00	
   2.2027165e-02	   4.7354722e+00	   2.1761140e+00	
   2.2080474e-02	   4.5642204e+00	   2.1364036e+00	
   2.2133768e-02	   4.5274854e+00	   2.1277888e+00	
   2.2186935e-02	   4.5898995e+00	   2.1424051e+00	
   2.2240067e-02	   4.5523133e+00	   2.1336151e+00	
   2.2293301e-02	   4.7881799e+00	   2.1881910e+00	
   2.2346394e-02	   4.6762447e+00	   2.1624627e+00	
   2.2399403e-02	   4.4282455e+00	   2.1043397e+00	
   2.2452351e-02	   4.4240322e+00	   2.1033383e+00	
   2.2505008e-02	   4.4344444e+00	   2.1058121e+00	
   2.2558039e-02	   4.5571380e+00	   2.1347454e+00	
   2.2611575e-02	   4.5660801e+00	   2.1368388e+00	
   2.2664940e-02	   4.6430063e+00	   2.1547636e+00	
   2.2718247e-02	   4.3320227e+00	   2.0813512e+00	
   2.2771733e-02	   4.6184163e+00	   2.1490501e+00	
   2.2825120e-02	   4.3929148e+00	   2.0959281e+00	
   2.2878464e-02	   4.4102721e+00	   2.1000648e+00	
   2.2931792e-02	   4.4957829e+00	   2.1203261e+00	
   2.2985177e-02	   4.5719485e+00	   2.1382115e+00	
   2.3038609e-02	   4.4023948e+00	   2.0981884e+00	
   2.3091912e-02	   4.3427339e+00	   2.0839227e+00	
   2.3145238e-02	   4.3988361e+00	   2.0973403e+00	
   2.3198511e-02	   4.3063321e+00	   2.0751704e+00	
   2.3251757e-02	   4.5363221e+00	   2.1298643e+00	
   2.3305014e-02	   4.3206921e+00	   2.0786274e+00	
   2.3358259e-02	   4.4849854e+00	   2.1177784e+00	
   2.3411492e-02	   4.5374937e+00	   2.1301394e+00	
   2.3464596e-02	   4.1950617e+00	   2.0481850e+00	
   2.3517886e-02	   3.9107404e+00	   1.9775592e+00	
   2.3571024e-02	   3.9277992e+00	   1.9818676e+00	
   2.3623977e-02	   4.3335090e+00	   2.0817082e+00	
   2.3676999e-02	   4.0041370e+00	   2.0010340e+00	
   2.3729760e-02	   4.2294126e+00	   2.0565536e+00	
   2.3782833e-02	   4.0907497e+00	   2.0225602e+00	
   2.3836307e-02	   4.0645533e+00	   2.0160737e+00	
   2.3889663e-02	   3.9661832e+00	   1.9915279e+00	
   2.3943080e-02	   4.0383186e+00	   2.0095568e+00	
   2.3996446e-02	   4.0041981e+00	   2.0010492e+00	
   2.4049761e-02	   3.8865917e+00	   1.9714441e+00	
   2.4103122e-02	   3.9791861e+00	   1.9947897e+00	
   2.4156516e-02	   3.6526241e+00	   1.9111840e+00	
   2.4209816e-02	   3.8562918e+00	   1.9637443e+00	
   2.4263140e-02	   3.7251215e+00	   1.9300574e+00	
   2.4316529e-02	   3.7994654e+00	   1.9492217e+00	
   2.4369843e-02	   3.6752665e+00	   1.9170985e+00	
   2.4423106e-02	   3.5494192e+00	   1.8839902e+00	
   2.4476405e-02	   3.8948107e+00	   1.9735275e+00	
   2.4529641e-02	   3.4542725e+00	   1.8585673e+00	
   2.4582867e-02	   3.6132429e+00	   1.9008532e+00	
   2.4636138e-02	   3.7109356e+00	   1.9263789e+00	
   2.4689343e-02	   3.7150753e+00	   1.9274530e+00	
   2.4742605e-02	   3.2974484e+00	   1.8158878e+00	
   2.4795787e-02	   3.5375137e+00	   1.8808279e+00	
   2.4848850e-02	   3.5120406e+00	   1.8740439e+00	
   2.4901772e-02	   3.5176013e+00	   1.8755269e+00	
   2.4954546e-02	   3.4937618e+00	   1.8691607e+00	
   2.5007604e-02	   3.4206550e+00	   1.8495013e+00	
   2.5060944e-02	   3.0151675e+00	   1.7364238e+00	
   2.5114354e-02	   3.1615024e+00	   1.7780614e+00	
   2.5167668e-02	   3.4341130e+00	   1.8531360e+00	
   2.5221009e-02	   3.2136891e+00	   1.7926765e+00	
   2.5274362e-02	   3.1074104e+00	   1.7627849e+00	
   2.5327811e-02	   3.2354956e+00	   1.7987483e+00	
   2.5381200e-02	   3.0959179e+00	   1.7595221e+00	
   2.5434474e-02	   2.9246316e+00	   1.7101554e+00	
   2.5487768e-02	   2.9551356e+00	   1.7190508e+00	
   2.5541076e-02	   3.0676250e+00	   1.7514637e+00	
   2.5594492e-02	   3.0278926e+00	   1.7400841e+00	
   2.5647834e-02	   2.9093707e+00	   1.7056877e+00	
   2.5701176e-02	   2.9498763e+00	   1.7175204e+00	
   2.5754366e-02	   2.8378851e+00	   1.6846024e+00	
   2.5807621e-02	   2.6863003e+00	   1.6389937e+00	
   2.5860945e-02	   2.9032927e+00	   1.7039051e+00	
   2.5914136e-02	   2.7439001e+00	   1.6564722e+00	
   2.5967225e-02	   2.8420477e+00	   1.6858374e+00	
   2.6020397e-02	   2.9716146e+00	   1.7238372e+00	
   2.6073409e-02	   2.8416500e+00	   1.6857194e+00	
   2.6126359e-02	   2.9756174e+00	   1.7249978e+00	
   2.6179265e-02	   2.9301581e+00	   1.7117705e+00	
   2.6232211e-02	   2.7422659e+00	   1.6559788e+00	
   2.6285522e-02	   2.6569951e+00	   1.6300292e+00	
   2.6339004e-02	   2.6162815e+00	   1.6174924e+00	
   2.6392313e-02	   2.6025686e+00	   1.6132479e+00	
   2.6445722e-02	   2.6912761e+00	   1.6405109e+00	
   2.6499128e-02	   2.7492361e+00	   1.6580821e+00	
   2.6552504e-02	   2.5738654e+00	   1.6043271e+00	
   2.6605884e-02	   2.8035991e+00	   1.6743952e+00	
   2.6659202e-02	   2.5491085e+00	   1.5965928e+00	
   2.6712503e-02	   2.8864653e+00	   1.6989601e+00	
   2.6765881e-02	   2.6604836e+00	   1.6310989e+00	
   2.6819151e-02	   2.6656001e+00	   1.6326665e+00	
   2.6872348e-02	   2.5145009e+00	   1.5857178e+00	
   2.6925765e-02	   2.6213477e+00	   1.6190576e+00	
   2.6978986e-02	   2.6036544e+00	   1.6135843e+00	
   2.7032210e-02	   2.7940109e+00	   1.6715295e+00	
   2.7085479e-02	   2.6197884e+00	   1.6185760e+00	
   2.7138606e-02	   2.4882805e+00	   1.5774285e+00	
   2.7191794e-02	   2.5884743e+00	   1.6088736e+00	
   2.7244950e-02	   2.4746201e+00	   1.5730925e+00	
   2.7298033e-02	   2.4160578e+00	   1.5543673e+00	
   2.7351063e-02	   2.5073228e+00	   1.5834528e+00	
   2.7403893e-02	   2.4722884e+00	   1.5723512e+00	
   2.7456887e-02	   2.5459871e+00	   1.5956150e+00	
   2.7510293e-02	   2.3720200e+00	   1.5401364e+00	
   2.7563713e-02	   2.6010652e+00	   1.6127818e+00	
   2.7617084e-02	   2.3641059e+00	   1.5375649e+00	
   2.7670478e-02	   2.5287380e+00	   1.5902006e+00	
   2.7723858e-02	   2.4940777e+00	   1.5792649e+00	
   2.7777111e-02	   2.3594708e+00	   1.5360569e+00	
   2.7830532e-02	   2.3179989e+00	   1.5224976e+00	
   2.7883885e-02	   2.3774853e+00	   1.5419096e+00	
   2.7937079e-02	   2.2404580e+00	   1.4968160e+00	
   2.7990468e-02	   2.2877228e+00	   1.5125220e+00	
   2.8043754e-02	   2.3008246e+00	   1.5168469e+00	
   2.8097063e-02	   2.1714458e+00	   1.4735827e+00	
   2.8150445e-02	   2.2859237e+00	   1.5119272e+00	
   2.8203702e-02	   2.3107610e+00	   1.5201187e+00	
   2.8256962e-02	   2.0201972e+00	   1.4213364e+00	
   2.8310135e-02	   2.1694362e+00	   1.4729006e+00	
   2.8363284e-02	   2.2207606e+00	   1.4902217e+00	
   2.8416583e-02	   2.1914585e+00	   1.4803575e+00	
   2.8469866e-02	   2.1898394e+00	   1.4798106e+00	
   2.8522911e-02	   2.2624180e+00	   1.5041336e+00	
   2.8575921e-02	   2.0303195e+00	   1.4248928e+00	
   2.8628670e-02	   1.9672174e+00	   1.4025753e+00	
   2.8681584e-02	   1.7675928e+00	   1.3295085e+00	
   2.8734976e-02	   2.0568426e+00	   1.4341696e+00	
   2.8788302e-02	   2.2850707e+00	   1.5116450e+00	
   2.8841695e-02	   2.4706945e+00	   1.5718443e+00	
   2.8895065e-02	   2.1299803e+00	   1.4594452e+00	
   2.8948404e-02	   2.1380813e+00	   1.4622179e+00	
   2.9001787e-02	   1.9525846e+00	   1.3973491e+00	
   2.9055106e-02	   2.5686479e+00	   1.6027002e+00	
   2.9108463e-02	   2.3596132e+00	   1.5361032e+00	
   2.9161749e-02	   2.0519979e+00	   1.4324796e+00	
   2.9215092e-02	   2.0217242e+00	   1.4218735e+00	
   2.9268488e-02	   2.0091348e+00	   1.4174395e+00	
   2.9321831e-02	   2.1108842e+00	   1.4528882e+00	
   2.9375048e-02	   1.9777706e+00	   1.4063323e+00	
   2.9428344e-02	   2.0937502e+00	   1.4469797e+00	
   2.9481607e-02	   1.9905366e+00	   1.4108638e+00	
   2.9534776e-02	   1.9566678e+00	   1.3988094e+00	
   2.9588001e-02	   1.9602491e+00	   1.4000889e+00	
   2.9641222e-02	   2.0193434e+00	   1.4210360e+00	
   2.9694395e-02	   1.9786042e+00	   1.4066287e+00	
   2.9747479e-02	   1.9256217e+00	   1.3876677e+00	
   2.9800525e-02	   1.9621063e+00	   1.4007521e+00	
   2.9853234e-02	   1.8865168e+00	   1.3735053e+00	
   2.9906197e-02	   1.7723074e+00	   1.3312804e+00	
   2.9959621e-02	   1.9093534e+00	   1.3817935e+00	
   3.0013034e-02	   1.7405355e+00	   1.3192936e+00	
   3.0066397e-02	   1.8475124e+00	   1.3592323e+00	
   3.0119700e-02	   1.7458707e+00	   1.3213140e+00	
   3.0173084e-02	   2.0089202e+00	   1.4173638e+00	
   3.0226467e-02	   1.9450614e+00	   1.3946546e+00	
   3.0279852e-02	   1.8266001e+00	   1.3515177e+00	
   3.0333236e-02	   1.9317638e+00	   1.3898790e+00	
   3.0386547e-02	   1.8462322e+00	   1.3587613e+00	
   3.0439839e-02	   1.9528397e+00	   1.3974404e+00	
   3.0493123e-02	   1.6987516e+00	   1.3033616e+00	
   3.0546436e-02	   1.9122796e+00	   1.3828520e+00	
   3.0599659e-02	   1.7334096e+00	   1.3165902e+00	
   3.0652937e-02	   1.7855529e+00	   1.3362458e+00	
   3.0706218e-02	   1.8119059e+00	   1.3460705e+00	
   3.0759457e-02	   1.7047981e+00	   1.3056792e+00	
   3.0812671e-02	   1.8623332e+00	   1.3646733e+00	
   3.0865811e-02	   1.7411635e+00	   1.3195315e+00	
   3.0918967e-02	   1.7357458e+00	   1.3174771e+00	
   3.0972144e-02	   1.6647609e+00	   1.2902562e+00	
   3.1025084e-02	   1.7369345e+00	   1.3179281e+00	
   3.1077905e-02	   1.6679946e+00	   1.2915087e+00	
   3.1130906e-02	   1.7146450e+00	   1.3094445e+00	
   3.1184221e-02	   1.7414985e+00	   1.3196585e+00	
   3.1237537e-02	   1.7102604e+00	   1.3077692e+00	
   3.1290960e-02	   1.6087370e+00	   1.2683600e+00	
   3.1344358e-02	   1.6866366e+00	   1.2987057e+00	
   3.1397685e-02	   1.5115473e+00	   1.2294500e+00	
   3.1450987e-02	   1.6755551e+00	   1.2944324e+00	
   3.1504367e-02	   1.5459253e+00	   1.2433524e+00	
   3.1557724e-02	   1.6665026e+00	   1.2909309e+00	
   3.1611018e-02	   1.6643639e+00	   1.2901023e+00	
   3.1664297e-02	   1.6002091e+00	   1.2649937e+00	
   3.1717710e-02	   1.7039152e+00	   1.3053410e+00	
   3.1771000e-02	   1.5589106e+00	   1.2485634e+00	
   3.1824287e-02	   1.4871914e+00	   1.2195046e+00	
   3.1877648e-02	   1.4192586e+00	   1.1913264e+00	
   3.1931005e-02	   1.4768393e+00	   1.2152528e+00	
   3.1984162e-02	   1.4168129e+00	   1.1902995e+00	
   3.2037340e-02	   1.4574102e+00	   1.2072325e+00	
   3.2090575e-02	   1.4198489e+00	   1.1915741e+00	
   3.2143865e-02	   1.4629319e+00	   1.2095172e+00	
   3.2197047e-02	   1.4001507e+00	   1.1832796e+00	
   3.2249887e-02	   1.5660930e+00	   1.2514364e+00	
   3.2302540e-02	   1.4001325e+00	   1.1832720e+00	
   3.2355726e-02	   1.6158900e+00	   1.2711766e+00	
   3.2406397e-02	   1.5374551e+00	   1.2399416e+00	
   3.2453727e-02	   1.9497894e+00	   1.3963486e+00	
